-10.0 372.0
-9.98 370.46160000000003
-9.96 368.92640000000006
-9.940000000000001 367.3944000000001
-9.920000000000002 365.86560000000014
-9.900000000000002 364.34000000000015
-9.880000000000003 362.8176000000002
-9.860000000000003 361.29840000000024
-9.840000000000003 359.7824000000003
-9.820000000000004 358.2696000000003
-9.800000000000004 356.76000000000033
-9.780000000000005 355.25360000000035
-9.760000000000005 353.7504000000004
-9.740000000000006 352.2504000000004
-9.720000000000006 350.75360000000046
-9.700000000000006 349.2600000000005
-9.680000000000007 347.7696000000005
-9.660000000000007 346.28240000000056
-9.640000000000008 344.7984000000006
-9.620000000000008 343.3176000000006
-9.600000000000009 341.84000000000066
-9.580000000000009 340.36560000000065
-9.56000000000001 338.8944000000007
-9.54000000000001 337.42640000000074
-9.52000000000001 335.9616000000008
-9.50000000000001 334.5000000000008
-9.480000000000011 333.0416000000008
-9.460000000000012 331.5864000000008
-9.440000000000012 330.1344000000009
-9.420000000000012 328.6856000000009
-9.400000000000013 327.2400000000009
-9.380000000000013 325.79760000000095
-9.360000000000014 324.358400000001
-9.340000000000014 322.922400000001
-9.320000000000014 321.489600000001
-9.300000000000015 320.0600000000011
-9.280000000000015 318.6336000000011
-9.260000000000016 317.21040000000113
-9.240000000000016 315.79040000000117
-9.220000000000017 314.3736000000012
-9.200000000000017 312.96000000000123
-9.180000000000017 311.54960000000125
-9.160000000000018 310.14240000000126
-9.140000000000018 308.73840000000126
-9.120000000000019 307.3376000000013
-9.10000000000002 305.94000000000136
-9.08000000000002 304.54560000000134
-9.06000000000002 303.1544000000014
-9.04000000000002 301.7664000000014
-9.020000000000021 300.38160000000147
-9.000000000000021 299.0000000000015
-8.980000000000022 297.6216000000015
-8.960000000000022 296.24640000000153
-8.940000000000023 294.8744000000016
-8.920000000000023 293.50560000000155
-8.900000000000023 292.1400000000016
-8.880000000000024 290.7776000000016
-8.860000000000024 289.41840000000167
-8.840000000000025 288.0624000000017
-8.820000000000025 286.70960000000167
-8.800000000000026 285.3600000000017
-8.780000000000026 284.01360000000176
-8.760000000000026 282.6704000000018
-8.740000000000027 281.3304000000018
-8.720000000000027 279.99360000000183
-8.700000000000028 278.66000000000184
-8.680000000000028 277.32960000000185
-8.660000000000029 276.0024000000019
-8.640000000000029 274.67840000000194
-8.62000000000003 273.3576000000019
-8.60000000000003 272.04000000000195
-8.58000000000003 270.725600000002
-8.56000000000003 269.414400000002
-8.540000000000031 268.10640000000205
-8.520000000000032 266.80160000000205
-8.500000000000032 265.5000000000021
-8.480000000000032 264.2016000000021
-8.460000000000033 262.9064000000021
-8.440000000000033 261.61440000000215
-8.420000000000034 260.32560000000217
-8.400000000000034 259.0400000000022
-8.380000000000035 257.7576000000022
-8.360000000000035 256.47840000000224
-8.340000000000035 255.20240000000226
-8.320000000000036 253.92960000000227
-8.300000000000036 252.6600000000023
-8.280000000000037 251.39360000000232
-8.260000000000037 250.13040000000234
-8.240000000000038 248.87040000000235
-8.220000000000038 247.61360000000238
-8.200000000000038 246.3600000000024
-8.180000000000039 245.10960000000242
-8.16000000000004 243.86240000000245
-8.14000000000004 242.61840000000245
-8.12000000000004 241.37760000000247
-8.10000000000004 240.14000000000252
-8.080000000000041 238.90560000000252
-8.060000000000041 237.67440000000255
-8.040000000000042 236.44640000000257
-8.020000000000042 235.22160000000258
-8.000000000000043 234.00000000000261
-7.980000000000043 232.7816000000026
-7.9600000000000435 231.56640000000263
-7.940000000000044 230.35440000000267
-7.920000000000044 229.14560000000267
-7.900000000000045 227.9400000000027
-7.880000000000045 226.73760000000271
-7.860000000000046 225.53840000000272
-7.840000000000046 224.34240000000275
-7.8200000000000465 223.14960000000278
-7.800000000000047 221.9600000000028
-7.780000000000047 220.7736000000028
-7.760000000000048 219.59040000000283
-7.740000000000048 218.41040000000285
-7.720000000000049 217.23360000000287
-7.700000000000049 216.06000000000287
-7.6800000000000495 214.8896000000029
-7.66000000000005 213.72240000000292
-7.64000000000005 212.55840000000293
-7.620000000000051 211.39760000000294
-7.600000000000051 210.24000000000296
-7.580000000000052 209.08560000000298
-7.560000000000052 207.934400000003
-7.540000000000052 206.786400000003
-7.520000000000053 205.64160000000302
-7.500000000000053 204.50000000000304
-7.480000000000054 203.36160000000305
-7.460000000000054 202.22640000000308
-7.440000000000055 201.09440000000308
-7.420000000000055 199.9656000000031
-7.400000000000055 198.8400000000031
-7.380000000000056 197.71760000000313
-7.360000000000056 196.59840000000315
-7.340000000000057 195.48240000000317
-7.320000000000057 194.36960000000317
-7.3000000000000576 193.2600000000032
-7.280000000000058 192.1536000000032
-7.260000000000058 191.0504000000032
-7.240000000000059 189.95040000000324
-7.220000000000059 188.85360000000324
-7.20000000000006 187.76000000000326
-7.18000000000006 186.66960000000327
-7.1600000000000605 185.58240000000328
-7.140000000000061 184.4984000000033
-7.120000000000061 183.41760000000332
-7.100000000000062 182.34000000000333
-7.080000000000062 181.26560000000333
-7.060000000000063 180.19440000000336
-7.040000000000063 179.12640000000337
-7.0200000000000635 178.06160000000338
-7.000000000000064 177.00000000000338
-6.980000000000064 175.9416000000034
-6.960000000000065 174.88640000000342
-6.940000000000065 173.83440000000343
-6.920000000000066 172.78560000000343
-6.900000000000066 171.74000000000345
-6.8800000000000665 170.69760000000346
-6.860000000000067 169.65840000000347
-6.840000000000067 168.6224000000035
-6.820000000000068 167.5896000000035
-6.800000000000068 166.5600000000035
-6.780000000000069 165.5336000000035
-6.760000000000069 164.51040000000353
-6.7400000000000695 163.49040000000355
-6.72000000000007 162.47360000000356
-6.70000000000007 161.46000000000356
-6.680000000000071 160.44960000000356
-6.660000000000071 159.44240000000357
-6.640000000000072 158.43840000000358
-6.620000000000072 157.4376000000036
-6.6000000000000725 156.4400000000036
-6.580000000000073 155.44560000000362
-6.560000000000073 154.45440000000363
-6.540000000000074 153.46640000000363
-6.520000000000074 152.48160000000365
-6.500000000000075 151.50000000000367
-6.480000000000075 150.52160000000367
-6.4600000000000755 149.54640000000367
-6.440000000000076 148.5744000000037
-6.420000000000076 147.6056000000037
-6.400000000000077 146.6400000000037
-6.380000000000077 145.6776000000037
-6.360000000000078 144.71840000000373
-6.340000000000078 143.76240000000374
-6.320000000000078 142.80960000000374
-6.300000000000079 141.86000000000374
-6.280000000000079 140.91360000000375
-6.26000000000008 139.97040000000376
-6.24000000000008 139.03040000000377
-6.220000000000081 138.09360000000376
-6.200000000000081 137.16000000000378
-6.180000000000081 136.22960000000378
-6.160000000000082 135.3024000000038
-6.140000000000082 134.3784000000038
-6.120000000000083 133.4576000000038
-6.100000000000083 132.5400000000038
-6.080000000000084 131.6256000000038
-6.060000000000084 130.71440000000382
-6.040000000000084 129.8064000000038
-6.020000000000085 128.90160000000384
-6.000000000000085 128.00000000000384
-5.980000000000086 127.10160000000384
-5.960000000000086 126.20640000000385
-5.9400000000000865 125.31440000000386
-5.920000000000087 124.42560000000385
-5.900000000000087 123.54000000000386
-5.880000000000088 122.65760000000387
-5.860000000000088 121.77840000000387
-5.840000000000089 120.90240000000388
-5.820000000000089 120.02960000000388
-5.8000000000000895 119.16000000000389
-5.78000000000009 118.29360000000389
-5.76000000000009 117.4304000000039
-5.740000000000091 116.5704000000039
-5.720000000000091 115.71360000000391
-5.700000000000092 114.86000000000391
-5.680000000000092 114.00960000000391
-5.6600000000000925 113.16240000000391
-5.640000000000093 112.31840000000392
-5.620000000000093 111.47760000000392
-5.600000000000094 110.64000000000392
-5.580000000000094 109.80560000000392
-5.560000000000095 108.97440000000393
-5.540000000000095 108.14640000000392
-5.5200000000000955 107.32160000000393
-5.500000000000096 106.50000000000394
-5.480000000000096 105.68160000000394
-5.460000000000097 104.86640000000394
-5.440000000000097 104.05440000000394
-5.420000000000098 103.24560000000395
-5.400000000000098 102.44000000000395
-5.3800000000000985 101.63760000000394
-5.360000000000099 100.83840000000394
-5.340000000000099 100.04240000000395
-5.3200000000001 99.24960000000395
-5.3000000000001 98.46000000000394
-5.280000000000101 97.67360000000394
-5.260000000000101 96.89040000000395
-5.2400000000001015 96.11040000000395
-5.220000000000102 95.33360000000395
-5.200000000000102 94.56000000000395
-5.180000000000103 93.78960000000394
-5.160000000000103 93.02240000000396
-5.140000000000104 92.25840000000395
-5.120000000000104 91.49760000000394
-5.1000000000001044 90.74000000000395
-5.080000000000105 89.98560000000394
-5.060000000000105 89.23440000000394
-5.040000000000106 88.48640000000394
-5.020000000000106 87.74160000000394
-5.000000000000107 87.00000000000395
-4.980000000000107 86.26160000000394
-4.960000000000107 85.52640000000395
-4.940000000000108 84.79440000000393
-4.920000000000108 84.06560000000394
-4.900000000000109 83.34000000000394
-4.880000000000109 82.61760000000393
-4.86000000000011 81.89840000000393
-4.84000000000011 81.18240000000392
-4.82000000000011 80.46960000000392
-4.800000000000111 79.76000000000393
-4.780000000000111 79.05360000000393
-4.760000000000112 78.35040000000392
-4.740000000000112 77.65040000000391
-4.7200000000001125 76.95360000000392
-4.700000000000113 76.26000000000391
-4.680000000000113 75.5696000000039
-4.660000000000114 74.8824000000039
-4.640000000000114 74.1984000000039
-4.620000000000115 73.5176000000039
-4.600000000000115 72.8400000000039
-4.5800000000001155 72.16560000000389
-4.560000000000116 71.49440000000388
-4.540000000000116 70.82640000000387
-4.520000000000117 70.16160000000387
-4.500000000000117 69.50000000000387
-4.480000000000118 68.84160000000387
-4.460000000000118 68.18640000000386
-4.4400000000001185 67.53440000000386
-4.420000000000119 66.88560000000385
-4.400000000000119 66.24000000000385
-4.38000000000012 65.59760000000384
-4.36000000000012 64.95840000000383
-4.340000000000121 64.32240000000382
-4.320000000000121 63.68960000000382
-4.3000000000001215 63.06000000000382
-4.280000000000122 62.43360000000381
-4.260000000000122 61.8104000000038
-4.240000000000123 61.1904000000038
-4.220000000000123 60.57360000000379
-4.200000000000124 59.96000000000378
-4.180000000000124 59.349600000003775
-4.1600000000001245 58.74240000000377
-4.140000000000125 58.13840000000376
-4.120000000000125 57.537600000003756
-4.100000000000126 56.94000000000375
-4.080000000000126 56.34560000000374
-4.060000000000127 55.754400000003734
-4.040000000000127 55.166400000003726
-4.0200000000001275 54.58160000000372
-4.000000000000128 54.00000000000371
-3.980000000000128 53.421600000003686
-3.960000000000128 52.84640000000367
-3.940000000000128 52.274400000003645
-3.920000000000128 51.70560000000363
-3.900000000000128 51.1400000000036
-3.880000000000128 50.577600000003585
-3.8600000000001278 50.01840000000356
-3.8400000000001278 49.46240000000354
-3.8200000000001277 48.90960000000352
-3.8000000000001277 48.3600000000035
-3.7800000000001277 47.813600000003476
-3.7600000000001277 47.270400000003455
-3.7400000000001277 46.730400000003435
-3.7200000000001276 46.193600000003414
-3.7000000000001276 45.66000000000339
-3.6800000000001276 45.12960000000337
-3.6600000000001276 44.60240000000336
-3.6400000000001276 44.078400000003334
-3.6200000000001276 43.55760000000331
-3.6000000000001275 43.04000000000329
-3.5800000000001275 42.52560000000327
-3.5600000000001275 42.01440000000325
-3.5400000000001275 41.506400000003225
-3.5200000000001275 41.00160000000321
-3.5000000000001275 40.50000000000318
-3.4800000000001274 40.001600000003165
-3.4600000000001274 39.50640000000315
-3.4400000000001274 39.01440000000312
-3.4200000000001274 38.5256000000031
-3.4000000000001274 38.04000000000308
-3.3800000000001273 37.55760000000306
-3.3600000000001273 37.07840000000304
-3.3400000000001273 36.60240000000302
-3.3200000000001273 36.129600000003
-3.3000000000001273 35.66000000000298
-3.2800000000001273 35.19360000000296
-3.2600000000001272 34.73040000000294
-3.2400000000001272 34.270400000002915
-3.220000000000127 33.81360000000289
-3.200000000000127 33.36000000000287
-3.180000000000127 32.909600000002854
-3.160000000000127 32.46240000000283
-3.140000000000127 32.01840000000281
-3.120000000000127 31.577600000002793
-3.100000000000127 31.14000000000277
-3.080000000000127 30.70560000000275
-3.060000000000127 30.27440000000273
-3.040000000000127 29.84640000000271
-3.020000000000127 29.421600000002687
-3.000000000000127 29.000000000002668
-2.980000000000127 28.581600000002645
-2.960000000000127 28.166400000002625
-2.940000000000127 27.754400000002605
-2.920000000000127 27.345600000002584
-2.900000000000127 26.940000000002563
-2.880000000000127 26.53760000000254
-2.860000000000127 26.138400000002523
-2.840000000000127 25.7424000000025
-2.820000000000127 25.349600000002482
-2.800000000000127 24.96000000000246
-2.780000000000127 24.57360000000244
-2.760000000000127 24.19040000000242
-2.740000000000127 23.8104000000024
-2.7200000000001268 23.43360000000238
-2.7000000000001267 23.060000000002358
-2.6800000000001267 22.689600000002336
-2.6600000000001267 22.322400000002315
-2.6400000000001267 21.958400000002296
-2.6200000000001267 21.597600000002274
-2.6000000000001267 21.240000000002254
-2.5800000000001266 20.885600000002235
-2.5600000000001266 20.534400000002215
-2.5400000000001266 20.18640000000219
-2.5200000000001266 19.841600000002174
-2.5000000000001266 19.500000000002153
-2.4800000000001265 19.16160000000213
-2.4600000000001265 18.82640000000211
-2.4400000000001265 18.49440000000209
-2.4200000000001265 18.16560000000207
-2.4000000000001265 17.84000000000205
-2.3800000000001265 17.517600000002027
-2.3600000000001264 17.19840000000201
-2.3400000000001264 16.882400000001986
-2.3200000000001264 16.56960000000197
-2.3000000000001264 16.260000000001945
-2.2800000000001264 15.953600000001925
-2.2600000000001264 15.650400000001905
-2.2400000000001263 15.350400000001885
-2.2200000000001263 15.053600000001865
-2.2000000000001263 14.760000000001844
-2.1800000000001263 14.469600000001824
-2.1600000000001263 14.182400000001802
-2.1400000000001262 13.898400000001782
-2.1200000000001262 13.617600000001762
-2.100000000000126 13.340000000001742
-2.080000000000126 13.065600000001721
-2.060000000000126 12.794400000001701
-2.040000000000126 12.526400000001681
-2.020000000000126 12.26160000000166
-2.000000000000126 12.00000000000164
-1.980000000000126 11.741600000001618
-1.960000000000126 11.486400000001598
-1.940000000000126 11.234400000001578
-1.920000000000126 10.985600000001558
-1.900000000000126 10.740000000001537
-1.880000000000126 10.497600000001517
-1.860000000000126 10.258400000001497
-1.840000000000126 10.022400000001477
-1.820000000000126 9.789600000001457
-1.800000000000126 9.560000000001436
-1.780000000000126 9.333600000001415
-1.760000000000126 9.110400000001395
-1.740000000000126 8.890400000001375
-1.7200000000001259 8.673600000001354
-1.7000000000001259 8.460000000001333
-1.6800000000001258 8.249600000001314
-1.6600000000001258 8.042400000001294
-1.6400000000001258 7.838400000001273
-1.6200000000001258 7.637600000001253
-1.6000000000001258 7.440000000001232
-1.5800000000001257 7.245600000001212
-1.5600000000001257 7.054400000001192
-1.5400000000001257 6.866400000001172
-1.5200000000001257 6.6816000000011515
-1.5000000000001257 6.5000000000011315
-1.4800000000001257 6.321600000001111
-1.4600000000001256 6.1464000000010905
-1.4400000000001256 5.97440000000107
-1.4200000000001256 5.80560000000105
-1.4000000000001256 5.64000000000103
-1.3800000000001256 5.47760000000101
-1.3600000000001256 5.31840000000099
-1.3400000000001255 5.16240000000097
-1.3200000000001255 5.009600000000949
-1.3000000000001255 4.8600000000009285
-1.2800000000001255 4.713600000000909
-1.2600000000001255 4.570400000000888
-1.2400000000001254 4.430400000000868
-1.2200000000001254 4.293600000000848
-1.2000000000001254 4.160000000000828
-1.1800000000001254 4.029600000000808
-1.1600000000001254 3.9024000000007875
-1.1400000000001254 3.778400000000767
-1.1200000000001253 3.657600000000747
-1.1000000000001253 3.5400000000007266
-1.0800000000001253 3.4256000000007067
-1.0600000000001253 3.3144000000006866
-1.0400000000001253 3.2064000000006665
-1.0200000000001253 3.101600000000646
-1.0000000000001252 3.000000000000626
-0.9800000000001252 2.901600000000606
-0.9600000000001252 2.8064000000005858
-0.9400000000001252 2.7144000000005657
-0.9200000000001252 2.6256000000005457
-0.9000000000001251 2.540000000000526
-0.8800000000001251 2.4576000000005056
-0.8600000000001251 2.3784000000004855
-0.8400000000001251 2.3024000000004654
-0.8200000000001251 2.2296000000004454
-0.8000000000001251 2.160000000000425
-0.780000000000125 2.093600000000405
-0.760000000000125 2.0304000000003852
-0.740000000000125 1.970400000000365
-0.720000000000125 1.913600000000345
-0.700000000000125 1.860000000000325
-0.680000000000125 1.809600000000305
-0.6600000000001249 1.7624000000002848
-0.6400000000001249 1.7184000000002648
-0.6200000000001249 1.6776000000002447
-0.6000000000001249 1.6400000000002248
-0.5800000000001249 1.6056000000002046
-0.5600000000001248 1.5744000000001848
-0.5400000000001248 1.5464000000001648
-0.5200000000001248 1.5216000000001448
-0.5000000000001248 1.5000000000001248
-0.48000000000012477 1.4816000000001048
-0.46000000000012475 1.466400000000085
-0.44000000000012474 1.454400000000065
-0.4200000000001247 1.4456000000000448
-0.4000000000001247 1.4400000000000248
-0.3800000000001247 1.437600000000005
-0.36000000000012466 1.438399999999985
-0.34000000000012465 1.442399999999965
-0.32000000000012463 1.4495999999999452
-0.3000000000001246 1.4599999999999254
-0.2800000000001246 1.4735999999999052
-0.2600000000001246 1.4903999999998854
-0.24000000000012459 1.5103999999998654
-0.2200000000001246 1.5335999999998455
-0.2000000000001246 1.5599999999998255
-0.18000000000012462 1.5895999999998056
-0.16000000000012463 1.6223999999997856
-0.14000000000012464 1.6583999999997658
-0.12000000000012463 1.6975999999997458
-0.10000000000012463 1.7399999999997258
-0.08000000000012462 1.7855999999997059
-0.06000000000012462 1.834399999999686
-0.040000000000124616 1.8863999999996661
-0.020000000000124616 1.941599999999646
-1.2461559562026991E-13 1.999999999999626
0.019999999999875385 2.0615999999996064
0.039999999999875385 2.1263999999995864
0.05999999999987539 2.1943999999995665
0.07999999999987539 2.265599999999546
0.0999999999998754 2.3399999999995265
0.1199999999998754 2.4175999999995064
0.1399999999998754 2.498399999999487
0.15999999999987538 2.5823999999994665
0.17999999999987537 2.6695999999994466
0.19999999999987536 2.759999999999427
0.21999999999987535 2.853599999999407
0.23999999999987534 2.9503999999993864
0.25999999999987533 3.0503999999993665
0.27999999999987535 3.153599999999347
0.29999999999987537 3.2599999999993274
0.3199999999998754 3.3695999999993074
0.3399999999998754 3.4823999999992874
0.3599999999998754 3.5983999999992675
0.37999999999987544 3.7175999999992477
0.39999999999987546 3.839999999999228
0.4199999999998755 3.965599999999208
0.4399999999998755 4.0943999999991885
0.4599999999998755 4.226399999999169
0.4799999999998755 4.361599999999148
0.49999999999987554 4.49999999999913
0.5199999999998756 4.641599999999109
0.5399999999998756 4.786399999999089
0.5599999999998756 4.934399999999069
0.5799999999998756 5.08559999999905
0.5999999999998756 5.23999999999903
0.6199999999998757 5.39759999999901
0.6399999999998757 5.558399999998991
0.6599999999998757 5.722399999998971
0.6799999999998757 5.889599999998952
0.6999999999998757 6.059999999998931
0.7199999999998757 6.233599999998912
0.7399999999998758 6.410399999998892
0.7599999999998758 6.590399999998873
0.7799999999998758 6.7735999999988525
0.7999999999998758 6.959999999998833
0.8199999999998758 7.149599999998813
0.8399999999998758 7.3423999999987934
0.8599999999998759 7.538399999998774
0.8799999999998759 7.737599999998754
0.8999999999998759 7.939999999998735
0.9199999999998759 8.145599999998716
0.9399999999998759 8.354399999998694
0.959999999999876 8.566399999998676
0.979999999999876 8.781599999998656
0.999999999999876 8.999999999998636
1.019999999999876 9.221599999998615
1.039999999999876 9.446399999998595
1.059999999999876 9.674399999998576
1.079999999999876 9.905599999998557
1.099999999999876 10.139999999998537
1.119999999999876 10.377599999998516
1.139999999999876 10.618399999998497
1.159999999999876 10.862399999998477
1.179999999999876 11.109599999998458
1.199999999999876 11.359999999998438
1.219999999999876 11.613599999998419
1.239999999999876 11.8703999999984
1.259999999999876 12.13039999999838
1.2799999999998761 12.393599999998358
1.2999999999998761 12.659999999998341
1.3199999999998762 12.92959999999832
1.3399999999998762 13.202399999998303
1.3599999999998762 13.478399999998281
1.3799999999998762 13.757599999998263
1.3999999999998762 14.03999999999824
1.4199999999998763 14.325599999998225
1.4399999999998763 14.614399999998202
1.4599999999998763 14.906399999998186
1.4799999999998763 15.201599999998162
1.4999999999998763 15.499999999998145
1.5199999999998763 15.801599999998125
1.5399999999998764 16.106399999998107
1.5599999999998764 16.414399999998086
1.5799999999998764 16.725599999998067
1.5999999999998764 17.039999999998045
1.6199999999998764 17.35759999999803
1.6399999999998764 17.678399999998007
1.6599999999998765 18.00239999999799
1.6799999999998765 18.329599999997967
1.6999999999998765 18.65999999999795
1.7199999999998765 18.99359999999793
1.7399999999998765 19.330399999997912
1.7599999999998766 19.67039999999789
1.7799999999998766 20.013599999997872
1.7999999999998766 20.35999999999785
1.8199999999998766 20.709599999997835
1.8399999999998766 21.06239999999781
1.8599999999998766 21.418399999997796
1.8799999999998767 21.777599999997772
1.8999999999998767 22.13999999999776
1.9199999999998767 22.505599999997735
1.9399999999998767 22.874399999997717
1.9599999999998767 23.246399999997696
1.9799999999998767 23.62159999999768
1.9999999999998768 23.999999999997655
2.0199999999998766 24.381599999997636
2.0399999999998766 24.766399999997617
2.0599999999998766 25.154399999997597
2.0799999999998766 25.545599999997577
2.0999999999998766 25.939999999997557
2.1199999999998766 26.337599999997536
2.1399999999998767 26.73839999999752
2.1599999999998767 27.142399999997497
2.1799999999998767 27.54959999999748
2.1999999999998767 27.95999999999746
2.2199999999998767 28.37359999999744
2.2399999999998768 28.790399999997422
2.2599999999998768 29.210399999997403
2.279999999999877 29.633599999997383
2.299999999999877 30.059999999997363
2.319999999999877 30.489599999997345
2.339999999999877 30.922399999997324
2.359999999999877 31.358399999997307
2.379999999999877 31.797599999997285
2.399999999999877 32.239999999997266
2.419999999999877 32.68559999999725
2.439999999999877 33.13439999999723
2.459999999999877 33.58639999999721
2.479999999999877 34.04159999999719
2.499999999999877 34.49999999999717
2.519999999999877 34.961599999997155
2.539999999999877 35.42639999999713
2.559999999999877 35.89439999999711
2.579999999999877 36.365599999997094
2.599999999999877 36.839999999997076
2.619999999999877 37.31759999999706
2.639999999999877 37.79839999999704
2.659999999999877 38.28239999999702
2.679999999999877 38.769599999997
2.699999999999877 39.25999999999698
2.719999999999877 39.75359999999696
2.739999999999877 40.25039999999694
2.759999999999877 40.75039999999692
2.7799999999998772 41.2535999999969
2.7999999999998773 41.75999999999688
2.8199999999998773 42.26959999999686
2.8399999999998773 42.78239999999684
2.8599999999998773 43.298399999996825
2.8799999999998773 43.81759999999681
2.8999999999998773 44.339999999996785
2.9199999999998774 44.86559999999677
2.9399999999998774 45.39439999999675
2.9599999999998774 45.926399999996725
2.9799999999998774 46.46159999999671
2.9999999999998774 46.99999999999669
3.0199999999998774 47.54159999999667
3.0399999999998775 48.08639999999665
3.0599999999998775 48.63439999999663
3.0799999999998775 49.18559999999661
3.0999999999998775 49.7399999999966
3.1199999999998775 50.29759999999658
3.1399999999998776 50.85839999999656
3.1599999999998776 51.422399999996536
3.1799999999998776 51.98959999999652
3.1999999999998776 52.5599999999965
3.2199999999998776 53.133599999996484
3.2399999999998776 53.71039999999646
3.2599999999998777 54.29039999999644
3.2799999999998777 54.87359999999642
3.2999999999998777 55.45999999999641
3.3199999999998777 56.04959999999639
3.3399999999998777 56.64239999999636
3.3599999999998778 57.238399999996346
3.3799999999998778 57.837599999996335
3.399999999999878 58.43999999999631
3.419999999999878 59.045599999996284
3.439999999999878 59.65439999999627
3.459999999999878 60.26639999999626
3.479999999999878 60.88159999999623
3.499999999999878 61.499999999996206
3.519999999999878 62.12159999999619
3.539999999999878 62.746399999996186
3.559999999999878 63.37439999999616
3.579999999999878 64.00559999999612
3.599999999999878 64.63999999999612
3.619999999999878 65.27759999999611
3.639999999999878 65.91839999999608
3.659999999999878 66.56239999999606
3.679999999999878 67.20959999999604
3.699999999999878 67.85999999999603
3.719999999999878 68.513599999996
3.739999999999878 69.17039999999598
3.759999999999878 69.83039999999596
3.779999999999878 70.49359999999595
3.799999999999878 71.15999999999593
3.819999999999878 71.8295999999959
3.839999999999878 72.50239999999589
3.859999999999878 73.17839999999588
3.879999999999878 73.85759999999586
3.8999999999998782 74.53999999999583
3.9199999999998782 75.22559999999582
3.9399999999998783 75.91439999999581
3.9599999999998783 76.60639999999577
3.9799999999998783 77.30159999999576
3.9999999999998783 77.99999999999574
4.019999999999878 78.70159999999571
4.0399999999998775 79.40639999999567
4.059999999999877 80.11439999999564
4.079999999999877 80.8255999999956
4.099999999999876 81.53999999999557
4.119999999999876 82.25759999999553
4.139999999999875 82.9783999999955
4.159999999999875 83.70239999999546
4.1799999999998745 84.42959999999543
4.199999999999874 85.15999999999539
4.219999999999874 85.89359999999536
4.239999999999873 86.63039999999532
4.259999999999873 87.37039999999529
4.279999999999872 88.11359999999524
4.299999999999872 88.85999999999521
4.3199999999998715 89.60959999999517
4.339999999999871 90.36239999999513
4.359999999999871 91.1183999999951
4.37999999999987 91.87759999999507
4.39999999999987 92.63999999999503
4.419999999999869 93.40559999999499
4.439999999999869 94.17439999999495
4.4599999999998685 94.94639999999491
4.479999999999868 95.72159999999488
4.499999999999868 96.49999999999484
4.519999999999867 97.2815999999948
4.539999999999867 98.06639999999476
4.559999999999866 98.85439999999473
4.579999999999866 99.64559999999469
4.5999999999998655 100.43999999999465
4.619999999999865 101.23759999999461
4.639999999999865 102.03839999999457
4.659999999999864 102.84239999999453
4.679999999999864 103.64959999999449
4.699999999999863 104.45999999999445
4.719999999999863 105.27359999999442
4.7399999999998625 106.09039999999437
4.759999999999862 106.91039999999434
4.779999999999862 107.7335999999943
4.799999999999861 108.55999999999426
4.819999999999861 109.38959999999422
4.83999999999986 110.22239999999418
4.85999999999986 111.05839999999414
4.87999999999986 111.8975999999941
4.899999999999859 112.73999999999405
4.919999999999859 113.58559999999402
4.939999999999858 114.43439999999397
4.959999999999858 115.28639999999393
4.979999999999857 116.14159999999389
4.999999999999857 116.99999999999385
5.019999999999857 117.86159999999381
5.039999999999856 118.72639999999377
5.059999999999856 119.59439999999373
5.079999999999855 120.46559999999369
5.099999999999855 121.33999999999364
5.1199999999998544 122.2175999999936
5.139999999999854 123.09839999999356
5.159999999999854 123.98239999999352
5.179999999999853 124.86959999999347
5.199999999999853 125.75999999999343
5.219999999999852 126.65359999999339
5.239999999999852 127.55039999999335
5.2599999999998515 128.4503999999933
5.279999999999851 129.35359999999326
5.299999999999851 130.25999999999323
5.31999999999985 131.16959999999318
5.33999999999985 132.08239999999313
5.359999999999849 132.9983999999931
5.379999999999849 133.91759999999303
5.3999999999998485 134.839999999993
5.419999999999848 135.76559999999296
5.439999999999848 136.69439999999292
5.459999999999847 137.62639999999286
5.479999999999847 138.56159999999284
5.499999999999846 139.49999999999278
5.519999999999846 140.44159999999275
5.5399999999998455 141.38639999999268
5.559999999999845 142.33439999999266
5.579999999999845 143.2855999999926
5.599999999999844 144.23999999999256
5.619999999999844 145.19759999999252
5.639999999999843 146.15839999999247
5.659999999999843 147.1223999999924
5.6799999999998425 148.08959999999237
5.699999999999842 149.05999999999233
5.719999999999842 150.03359999999228
5.739999999999841 151.01039999999225
5.759999999999841 151.99039999999218
5.77999999999984 152.97359999999213
5.79999999999984 153.9599999999921
5.8199999999998395 154.94959999999205
5.839999999999839 155.942399999992
5.859999999999839 156.93839999999196
5.879999999999838 157.9375999999919
5.899999999999838 158.93999999999187
5.919999999999837 159.9455999999918
5.939999999999837 160.95439999999175
5.9599999999998365 161.96639999999172
5.979999999999836 162.98159999999166
5.999999999999836 163.99999999999162
6.019999999999835 165.02159999999157
6.039999999999835 166.04639999999154
6.059999999999834 167.07439999999147
6.079999999999834 168.10559999999143
6.0999999999998336 169.13999999999137
6.119999999999833 170.17759999999132
6.139999999999833 171.21839999999128
6.159999999999832 172.26239999999123
6.179999999999832 173.30959999999118
6.199999999999831 174.35999999999115
6.219999999999831 175.41359999999108
6.239999999999831 176.47039999999103
6.25999999999983 177.53039999999098
6.27999999999983 178.59359999999094
6.299999999999829 179.65999999999087
6.319999999999829 180.72959999999082
6.339999999999828 181.8023999999908
6.359999999999828 182.87839999999073
6.379999999999828 183.9575999999907
6.399999999999827 185.03999999999064
6.419999999999827 186.12559999999058
6.439999999999826 187.21439999999052
6.459999999999826 188.30639999999048
6.4799999999998255 189.40159999999042
6.499999999999825 190.49999999999037
6.519999999999825 191.60159999999033
6.539999999999824 192.70639999999028
6.559999999999824 193.81439999999023
6.579999999999823 194.92559999999017
6.599999999999823 196.03999999999013
6.6199999999998225 197.15759999999005
6.639999999999822 198.27839999999
6.659999999999822 199.40239999998997
6.679999999999821 200.5295999999899
6.699999999999821 201.65999999998985
6.71999999999982 202.7935999999898
6.73999999999982 203.93039999998976
6.7599999999998195 205.0703999999897
6.779999999999819 206.21359999998964
6.799999999999819 207.35999999998958
6.819999999999818 208.50959999998955
6.839999999999818 209.66239999998947
6.859999999999817 210.81839999998942
6.879999999999817 211.97759999998937
6.8999999999998165 213.13999999998933
6.919999999999816 214.30559999998925
6.939999999999816 215.4743999999892
6.959999999999815 216.64639999998917
6.979999999999815 217.8215999999891
6.999999999999814 218.99999999998906
7.019999999999814 220.181599999989
7.0399999999998135 221.36639999998894
7.059999999999813 222.55439999998887
7.079999999999813 223.74559999998883
7.099999999999812 224.93999999998877
7.119999999999812 226.1375999999887
7.139999999999811 227.33839999998867
7.159999999999811 228.54239999998862
7.1799999999998105 229.74959999998856
7.19999999999981 230.9599999999885
7.21999999999981 232.17359999998843
7.239999999999809 233.39039999998838
7.259999999999809 234.61039999998835
7.279999999999808 235.83359999998828
7.299999999999808 237.05999999998824
7.3199999999998075 238.28959999998818
7.339999999999807 239.52239999998812
7.359999999999807 240.75839999998806
7.379999999999806 241.997599999988
7.399999999999806 243.23999999998796
7.419999999999805 244.4855999999879
7.439999999999805 245.73439999998783
7.459999999999805 246.98639999998778
7.479999999999804 248.24159999998773
7.499999999999804 249.49999999998766
7.519999999999803 250.7615999999876
7.539999999999803 252.02639999998755
7.559999999999802 253.2943999999875
7.579999999999802 254.56559999998743
7.599999999999802 255.83999999998736
7.619999999999801 257.1175999999873
7.639999999999801 258.39839999998725
7.6599999999998 259.6823999999872
7.6799999999998 260.9695999999871
7.6999999999997994 262.2599999999871
7.719999999999799 263.553599999987
7.739999999999799 264.85039999998696
7.759999999999798 266.1503999999869
7.779999999999798 267.4535999999868
7.799999999999797 268.75999999998675
7.819999999999797 270.06959999998674
7.8399999999997965 271.38239999998666
7.859999999999796 272.6983999999866
7.879999999999796 274.01759999998654
7.899999999999795 275.33999999998645
7.919999999999795 276.6655999999864
7.939999999999794 277.99439999998634
7.959999999999794 279.3263999999863
7.9799999999997935 280.6615999999862
7.999999999999793 281.9999999999862
8.019999999999794 283.34159999998616
8.039999999999793 284.68639999998607
8.059999999999793 286.034399999986
8.079999999999792 287.38559999998597
8.099999999999792 288.7399999999859
8.119999999999791 290.09759999998585
8.139999999999791 291.4583999999858
8.15999999999979 292.8223999999857
8.17999999999979 294.18959999998566
8.19999999999979 295.55999999998556
8.21999999999979 296.9335999999855
8.239999999999789 298.31039999998546
8.259999999999788 299.6903999999854
8.279999999999788 301.07359999998533
8.299999999999788 302.45999999998526
8.319999999999787 303.8495999999852
8.339999999999787 305.24239999998514
8.359999999999786 306.63839999998504
8.379999999999786 308.037599999985
8.399999999999785 309.43999999998493
8.419999999999785 310.84559999998487
8.439999999999785 312.2543999999848
8.459999999999784 313.6663999999847
8.479999999999784 315.0815999999847
8.499999999999783 316.4999999999846
8.519999999999783 317.92159999998455
8.539999999999782 319.3463999999845
8.559999999999782 320.77439999998444
8.579999999999782 322.2055999999844
8.599999999999781 323.6399999999843
8.61999999999978 325.0775999999842
8.63999999999978 326.5183999999842
8.65999999999978 327.9623999999841
8.67999999999978 329.40959999998404
8.699999999999779 330.859999999984
8.719999999999779 332.31359999998386
8.739999999999778 333.77039999998385
8.759999999999778 335.2303999999838
8.779999999999777 336.6935999999837
8.799999999999777 338.1599999999836
8.819999999999776 339.62959999998355
8.839999999999776 341.1023999999835
8.859999999999776 342.57839999998345
8.879999999999775 344.0575999999834
8.899999999999775 345.5399999999833
8.919999999999774 347.0255999999832
8.939999999999774 348.51439999998314
8.959999999999773 350.0063999999831
8.979999999999773 351.501599999983
8.999999999999773 352.99999999998295
9.019999999999772 354.5015999999829
9.039999999999772 356.0063999999828
9.059999999999771 357.51439999998274
9.079999999999771 359.02559999998266
9.09999999999977 360.5399999999826
9.11999999999977 362.05759999998253
9.13999999999977 363.5783999999825
9.15999999999977 365.1023999999824
9.179999999999769 366.6295999999823
9.199999999999768 368.15999999998223
9.219999999999768 369.6935999999822
9.239999999999768 371.2303999999821
9.259999999999767 372.77039999998203
9.279999999999767 374.313599999982
9.299999999999766 375.8599999999819
9.319999999999766 377.4095999999818
9.339999999999765 378.96239999998176
9.359999999999765 380.5183999999817
9.379999999999765 382.0775999999816
9.399999999999764 383.63999999998157
9.419999999999764 385.2055999999815
9.439999999999763 386.7743999999814
9.459999999999763 388.3463999999813
9.479999999999762 389.92159999998125
9.499999999999762 391.4999999999812
9.519999999999762 393.0815999999811
9.539999999999761 394.666399999981
9.55999999999976 396.254399999981
9.57999999999976 397.8455999999809
9.59999999999976 399.43999999998084
9.61999999999976 401.0375999999808
9.639999999999759 402.63839999998066
9.659999999999759 404.2423999999806
9.679999999999758 405.84959999998057
9.699999999999758 407.4599999999805
9.719999999999757 409.0735999999804
9.739999999999757 410.69039999998034
9.759999999999756 412.31039999998023
9.779999999999756 413.9335999999802
9.799999999999756 415.5599999999801
9.819999999999755 417.18959999998003
9.839999999999755 418.82239999997995
9.859999999999754 420.45839999997986
9.879999999999754 422.0975999999798
9.899999999999753 423.7399999999797
9.919999999999753 425.38559999997966
9.939999999999753 427.0343999999796
9.959999999999752 428.6863999999795
9.979999999999752 430.34159999997945
9.999999999999751 431.99999999997937
